0 0.007325094678094479 0.003946581622483556 0.010165437512457643 0.0055810245166434125
0 0.005252142714769783 0.0040562088897747655 0.007414789714969105 0.005720550129559498
0 0.003159258521028503 0.0039964121985250145 0.004624277456647399 0.005660753438309747
0 0.0010763404424955153 0.004016344428941598 0.0018536974287422763 0.005660753438309747
0 0.0010763404424955153 0.0024117998804066175 0.001813832967909109 0.0035280047837353
0 0.003099461829778752 0.0023520031891568665 0.004524616304564481 0.003428343631652382
0 0.005232210484353199 0.0023520031891568665 0.007354993023719354 0.0034482758620689655
0 0.007434721945385689 0.002132748654574447 0.010304963125373729 0.003169224636236795
0 0.007305162447677895 0.0005481363364560494 0.010125573051624476 0.0010962726729120988
0 0.0029400039864460833 0.0007175602949970101 0.004305361769982061 0.001255730516244768
0 0.0008471197927048036 0.0007175602949970101 0.001514849511660355 0.0013155272074945187
0 0.00485349810643811 0.0006776958341638429 0.006976280645804266 0.0012756627466613513
