0 0.006686537506209638 0.004788872329855936 0.009319423745653255 0.006597118728266269
0 0.0049080973671137606 0.004818678589170393 0.00689518132141083 0.00661698956780924
0 0.0031197218082463984 0.0036661698956780924 0.004470938897168405 0.005146547441629409
0 0.004719324391455539 0.0036164927968206657 0.006676602086438152 0.005007451564828614
0 0.006646795827123696 0.0036363636363636364 0.009339294585196225 0.005086934923000497
0 0.0018181818181818182 0.002414307004470939 0.002762046696472926 0.0034177844013909588
0 0.0021162444113263785 0.004649776453055142 0.0031197218082463984 0.006418281172379533
0 0.005474416294088426 0.0023149528067560854 0.0076105315449577745 0.003278688524590164
0 0.006090412319920517 0.0011922503725782414 0.008504719324391456 0.0018082463984103328
0 0.002215598609041232 0.0013710879284649776 0.0032389468455042226 0.001987083954297069
0 0.00047690014903129657 0.0004172876304023845 0.0009339294585196225 0.0007749627421758569
